1658971104
4004256878
1267003072
2591986610
1411126689
1402564480
1188012291
3806978995
3637380939
1694792025
301120331
2851962435
2859429835
428957143
4251980557
1340736509
3753895986
460861111
14789309
1584579120
1334464078
1292616398
2848166100
3960839707
2915944249
2911718868
2043627631
3460778373
430404477
748129794
3266489789
3319129921
31772395
2774507037
3155109424
839691070
1759164138
2995576734
3065253534
1865774024
1382860120
687411732
2021121124
587549819
147480461
2820698527
2392878611
684224944
2979769107
1530140217
1264270686
1097948440
2577158710
3755116296
2479287028
2445023782
992332845
2444365965
3726598306
1583996816
3535246768
1496890949
894841824
749783116
968978525
590114547
535554865
195795370
3593891424
3541182589
170145776
903572365
1435362880
1913823046
255485175
3833164547
2742212251
4140087332
3837563992
1691250852
2912356485
3473963316
2134592932
3204286424
2806825968
4117995800
2016998859
670239224
1961422232
1844829190
1480096921
3581244530
724763796
2332143136
4224266760
870908368
3047555511
1979772168
2253683741
3820615743
914862807
896117388
2893121924
1077841503
3486406824
2792468867
2010240675
4208650664
949838324
2441386229
3721384735
1315225994
4049178691
2624252959
3704374194
3200199860
469615041
2486067042
2374422321
389318246
1421961394
1072479100
3621878989
930788492
1013240026
1670490532
3649180141
3682830543
74965326
3334127503
1372212917
2329290335
61461600
2076910230
3948636675
2658671700
1007375924
1809113290
70697237
2264314516
515871929
3669916538
690081861
456599402
1106892877
3083177701
110508675
1095055871
2301300208
1390412685
1031997116
1031777047
1759463057
2817294730
4095756494
2359932640
1621098394
3147061675
2284348245
1479402274
898431327
2333383114
2353912441
2365504549
1508166815
85589770
1198529902
3493704150
2670481386
2818023907
2881640395
3643058291
1315560425
1236953293
264706604
2498851839
1364118920
3363934811
501947137
2001104352
1888429809
541830400
3938102423
3505153737
2386902286
3603045817
2047308191
3291247573
1669672867
637411416
1698107450
1081663884
3327434576
888497570
2916139394
1752884019
2102933124
2784323527
2815090516
86057596
2694507668
64218653
1164355412
2163744118
238585262
1911649178
1567215366
2758731403
3876769828
2842569436
733280329
798045394
3133872210
2626675696
1444180474
3123769186
2232531411
1646271033
1158433006
3854666444
2569360981
2369651347
2953745569
3078760090
4175861950
130107931
3103585225
3619978982
1964728011
1247896841
797282991
147904404
867267586
2068775116
16501974
2824055938
615473068
375861295
2432081392
307937310
2333640859
1650804616
30603095
3089552503
397538506
1414768346
2833175192
1267700456
1238916510
2390729231
1632626830
1801080304
3975770425
2840436168
1799848578
1620887843
1413077974
206076352
1434504159
922132376
2530673738
4073929335
2688938870
2534476013
4264071794
4186291555
820131057
187004558
3024593724
1935389625
3518851903
3192135880
105645939
2511913554
3141755757
4237067336
1027594381
3792354910
3518292416
2579978799
28077424
1403290222
831287531
1055149477
3985264646
2252061139
799787013
778590113
2000800950
200871978
302464161
2955081393
17548385
2392525652
646777150
3875357938
1981237600
2541504450
3514301151
1618011450
135457503
2543261703
2635014116
4150805501
2899481838
3770278765
790042033
2071552728
4005282165
4136436153
2263182857
1866583568
3923877773
2092566666
2424193674
258896780
1353162727
1722865657
3803141291
997563216
3640073117
1833327442
2109161408
2216023099
3285524425
911198162
2982917669
2768452090
2698230689
3190995508
4089438690
3783255943
3922416305
3053326220
3015207301
3222568967
130203874
3561640774
2785487539
1742569486
3534106573
3519975807
1572933400
1414421782
743459624
4171550890
2402257032
2729612262
3852396624
4082917477
176727159
1755726416
2748192495
3513096595
1215970314
4257649513
3214932295
2178547934
2206692980
2417277421
280967320
752097161
3300722933
455391566
1562643804
3730270553
2680641578
2189686632
792419022
3815653035
1892381628
2959136057
700633138
668517519
1922084735
824950079
3040437276
2231945102
1844582511
2486502699
3065296604
4287732061
1040639580
2353070518
1147511533
1269354577
1933688237
2417262291
3651417124
4010850371
3208637147
2368590847
940599523
3136324475
3218323807
905527246
741329795
752719731
3985005576
2785067429
2339401965
3276390593
3609320109
1348931484
1675313479
2551323259
1109835617
2352420525
3438412668
2078621007
271849226
3873233067
4269579630
3888410001
2908346900
4011137424
498496516
1738652783
615766567
9298486
3039453756
2295116466
1194767797
2783624418
131962281
2350684049
2829654619
4278143898
1598086041
2772194542
1451618077
31389043
997186269
660256604
2461473278
4179408583
3951615988
3116366752
1424967378
1512761027
220282939
3777009187
3616271603
153158967
1629029442
1865578400
1591436402
663196862
4168646398
2516336413
2107027603
799840156
2655599304
3523795656
4198282254
2549659689
1398890597
4163059263
2245314932
2396590800
524558642
1543682486
513136189
2182371823
291704367
570208903
1503477795
66868285
172433150
1875920100
590726351
3330870729
469547940
762807570
4271490811
1989415856
4234273211
3630060608
2306150017
1268182599
2897717917
2227466058
3829489011
2588805848
4135276952
1498553974
3677713954
1764801350
3434822521
501967025
3534720559
3560173015
1214475784
2691390557
594890994
2475290926
3517372500
1958645494
1095569056
4254654974
1154174939
1844323779
265552171
819832022
2751145506
159193249
1085764195
1824892461
155900026
1105152536
2926741182
2274040685
1161635014
2061229146
6109572
191626561
318856760
1721952008
3946339943
3604510880
806558988
427805326
1275110892
3383109816
1253375649
1980951732
1069078071
2465392747
1142055511
1875197948
2496220682
3838595637
407153535
1755441644
3796726550
35385423
3237735713
3587854783
226124171
1167621379
1496131867
1582670469
1084505172
4138533428
732968300
2147419191
1528076055
1176469035
587979478
771336384
2863631899
1837130944
1703024208
3648178795
1292760123
2446559673
972882052
1901546964
1251159474
3182205125
2874368820
197788672
2972493613
936151301
3980830648
3649281037
962956530
1798762414
1757531892
280277058
1707759673
1933661243
2116245956
3764503805
1498307401
4084217547
1580978579
855707350
2027680361
2025267561
2153778659
2693253621
3532976435
2692550125
18912243
2968005274
1481720242
1813769519
2435887699
1925138732
596979252
1078095664
2442606166
402127447
1217372625
243200871
315107276
592990064
3098595957
1499677790
733599442
1610845736
1306290161
2528886933
106590836
3703611224
1596909337
2144992152
738268059
1637311789
1413267227
2064007631
2008242909
1252085135
556958450
256874924
2730561507
1488041731
2550425151
643697004
4118694437
3445569127
2012975644
1303026687
3659530319
551670839
1569444268
3088738462
1699336271
3067752089
2334755992
1307297725
1157887055
1237275268
2822927508
2135023937
2831955397
2365906459
3783204275
2342712973
812797047
1370283264
4088206704
400042367
3970968089
1331428526
3966608246
2885655258
3548320470
2379933043
3218730832
1050048863
3082750804
1573446048
1396554638
3265562583
3445882274
1696404038
2811609846
4228074566
3391923640
3563501806
1644357753
1245184782
3478097451
2792927076
1188057980
1295310349
630260732
2063373401
3635458344
599680909
3582221582
655836272
3777842058
1772776602
3066120963
3305182492
2430762837
3124765644
2289682028
2485691706
171481001
1649676294
2890381276
3809684329
2763598304
2176756153
2630463329
196552882
3765691623
1717348898
1649179948
835388464
3304387370
3883821561
2702737218
3576995553
90468812
1203690105
248471476
1722931899
3380846668
3784167969
3103345731
2645972511
2986407101
2104228685
2929173323
2211560818
1449558049
2798254423
3070383661
4098847819
1791650744
1505539413
1333108315
4012704709
1992561345
105797502
2902252141
1643103919
449301372
655580852
3134780989
2468927177
800478021
914153080
1639053098
3821303557
571585154
3587367416
2825365021
3858335864
43969890
1724451014
2660937929
309635917
873852859
359222043
3931041071
1513125135
2045833493
2401213203
3120935893
1566074670
1988511165
2700995180
3336268158
1466558611
1494947706
2078595885
2709215753
145682267
1827078509
3398939183
3404367961
2978530212
1150955313
37781507
548823812
2272125815
2043990853
1850294929
2728458167
994987306
1017357282
2284592377
880940239
1471394012
2309172594
1700082050
3973995160
1269599854
3222381793
928813536
3794389867
3179739202
1834158912
3121651636
74412859
3247066821
1970793007
3481380653
1353081242
768579592
4189286121
2515730700
748891929
1572573016
391248604
1927184432
3977297374
987562779
4099688323
2324371133
2400022094
2064214814
1607875046
1490912611
4102283662
1149097614
2237085462
3200932084
2514061394
2061589582
2208568099
1990416109
664998278
2589469036
4241868765
317349100
3617357552
882854826
878964547
1255620099
1115494688
2921495957
789229019
919773868
528108177
1898778920
1806315356
2979957774
4214860388
2327035270
1486022587
1854243997
1720483231
1573943204
2178157154
1654623050
855734382
2976269757
1229921600
3213920426
2852240475
3781404046
2253282947
3999567160
3986514214
274212590
2721376860
2047514750
453840444
2857825116
3817515220
1339297394
897971616
3961352797
1277160444
1993549386
2985833091
2579341511
3296159867
2306704374
3962855159
3653664318
1859699733
3568136947
2708767451
2000528277
1412121723
2684203072
4003644674
2340297854
919957595
3009163420
3596438959
1218355997
3363316551
1172870110
528131150
2164747696
3063138219
3738650678
128881907
2627479357
1956666358
1403382127
1088344993
834337244
4255712745
1778196929
3792595012
3758854895
1797157416
2401403433
1028386446
4208052856
3522663018
1288665341
3740324780
507610978
3583989463
2810316134
999511719
4259467079
1909083856
2899042394
2065295714
1549904510
1738526124
223428527
1130136201
4106327461
1798442660
867195259
2441560094
1086050387
981351473
4040042799
408241301
2498657578
2813205613
49642398
729965678
676940380
2192807111
3766027188
2050235959
1196605908
2956549958
3990238632
641816753
3680102944
4233222713
3303512833
419803157
3780768958
2574216890
1164421008
2800155346
969654494
21861017
813380200
1055079441
3384060206
3594257842
2932799689
2914508079
2107114807
3910609540
3333258126
1414148583
3878765202
2394304368
3142589644
3438667197
2529438205
2843664788
3148002963
884334984
2449808899
840268926
3022819028
3305678481
245224353
154888051
1176731774
4091442883
2065245916
1218870963
1876169838
3408049892
1089957606
849182540
4150459916
2611412698
2904198244
2305973070
3011480622
2139116921
3855560516
4238541885
2083827942
2875178264
2490358494
1554090233
3416738448
2977240414
550871175
4085946281
339874905
1808592670
3845980684
1313233108
3480449130
3246106867
1934022649
844302289
807589536
602316127
4030561971
3449869614
1595842212
3538834986
1319569877
1399169447
4274152135
1194718000
2964533405
3020890291
487447999
784723646
3751755428
2194588779
3373070441
3615869944
1004690552
4247739086
993292963
2680772907
2509363833
1828332130
2187182969
4001938585
1097667069
638986333
185961568
1142304753
3317812471
1252353695
3157691118
1535682120
4088098989
319642577
3184526186
2116818647
3705608120
2113816496
1748271910
3672728866
1563525204
2745266175
588153026
2864328455
2187152619
695062039
1477562378
2411731642
692436029
594230687
2838454716
1629306795
2042239865
1983213679
1256504674
299936400
2273144136
837800554
3584543706
4182175311
2061449067
214605562
886749942
3077701175
3864060054
3179558309
3165676690
2388781158
295552954
205313367
642681664
1627587101
3530153981
2021032804
3934530536
977419010
1073221058
1974521023
2341920574
1977862183
2568581416
2717624882
49228367
3677824128
1763352205
488717883
937650278
3999869087
1013238734
4081083455
2934340994
3847819810
4160794938
2623723965
1153814261
700837239
2864568386
1332642750
3158990389
1388402751
3110898887
2487916460
1854693413
2358139918
899446946
871675318
2987942040
3886901263
4278603476
4259254022
2876320524
2938629455
147182385
55173840
29267972
1046354844
353083306
894248514
1199695352
697019096
361990186
3820771423
606781047
2661463472
4103656081
2740641871
2601219255
366182868
4065777126
4022841676
138736983
2117894563
857043572
3290552895
3548691663
2612531981
3873087715
1142734436
1313537440
2448760895
211816676
651163975
4278086882
1355866387
1530324050
1303229817
1374871218
3685930186
2471376857
2034887516
3591085023
2327542118
2143023296
1843066142
4073424751
3077055531
3072372683
1325368314
257673758
837444354
2833372716
2824149276
3913652757
1025012543
3908599401
1308512685
3965804063
893398310
4024061966
150744030
4200857313
2871845745
117372890
3530088630
1905687626
2714564264
815337593
3271670862
1677016380
743580841
174966905
3971957694
2493677665
2202646256
2076996228
3813132859
2871607795
386854816
3255584555
1714438417
656310266
1321592313
1108982866
626459388
3128810156
392419758
3867890001
565591286
3977214118
1027792450
1530910843
485778681
211911695
3392764617
1258426604
1468116140
3051842647
1334668385
4122872051
511425410
2164319368
3920721971
612194416
3445770338
2158040124
1314027975
1582076840
871888528
3568985957
3440709434
245942230
2328103594
2188451986
4037651634
1545563357
1657898714
1402206616
628551117
3453190769
979769107
1561702128
1996675221
787131671
2028016993
108940870
3300752673
2848106330
797247364
1677413762
3537824548
2623557263
915104818
382209053
1710265497
149348958
503011066
3380299726
1486907404
90896419
2492392005
3242007805
2899917124
2225566710
4133407559
2309881551
2579639366
2818421654
4019167546
920447251
4019780319
1491579569
2972135937
1574129699
1165387086
4100739981
2190434187
3907003307
1448244636
102842734
2959592976
4127865200
3878659448
3821868231
2464083339
278749403
3826399276
3019387083
1633790689
1479777181
158967867
4086923682
2572924427
3604679902
4157612972
1321567841
1523905164
3441492119
2558526349
1373763011
2047494524
4283430801
2485848586
987667959
1652818859
985837533
1220390559
3253867381
922190003
3610666795
2820441397
2172670627
4145454830
3381334701
2262167932
349753813
4110417868
73769917
2384337906
966133223
3641095138
1378865377
396895517
1121179528
1219127810
55517383
877204591
1954401395
3739372692
1255937077
2986417700
100851894
297727873
2915470235
3642604851
624477258
4038308306
131255263
476804459
1041452254
1512014967
1161549977
2189039871
3860573670
557018254
1033687615
3029261610
1165199691
686239954
632764953
464106833
2053191549
2018884407
2323409488
2159690263
1721791081
1974802500
3690790172
1683894727
1805203542
870625612
3836788586
2793390362
1680445249
3264837725
397210749
3992695331
4223580255
3736615331
3045469210
134999988
3973104806
2590705884
715527281
1716986365
2552199966
4277981630
3139251200
748422013
3197647843
2379951663
3858573238
3697196244
1642363115
4133549668
1598137030
1147271955
1694895149
2073987119
3173045276
112699420
2472405532
4281699027
1368882284
1884715504
1644370161
173467642
3889888774
3680686236
4115192226
1488140935
3502316934
3469300631
2779032918
3436991376
619761212
2157775570
4076347094
2613848286
2208203857
1321886439
1335939408
3373515643
3846874862
819171848
3452601468
3795601145
4183210060
299368888
3247177093
801810130
32907135
3777801819
3004450173
2809099492
313102465
1662501411
3990300600
1241327147
3625796456
2679669707
1187884437
890920719
3097996699
1422830089
4079343687
1526740909
2909393313
3414559621
454205235
2516190871
2142472195
3992343083
3178873987
3225625451
1045096337
3844963339
599844069
3365616634
4176662627
1295974708
3550234571
3079458144
1503600862
2280785744
3881965238
4080987492
1141767643
3329081923
1525510542
3975622920
1832911268
1041261537
1625409860
2180291848
2359495742
540803820
3463838318
2271748800
1805520144
2729011030
3548562383
2344154516
1635912534
2328813087
1977928207
2878379310
773711502
2384447508
3987783942
3542465444
175903391
4118353269
842712478
1744711538
4141746021
3889619224
2485209803
3468511609
3189369278
3299846972
3977834623
581041162
966196062
1885558174
3622679151
1760603754
2171695690
3411823324
1167508741
2873062924
3548843073
1879270409
1703444193
3410399277
403102843
968602872
2800865667
2187908860
3046173884
3828291738
2415828606
79422511
1941226865
2492857158
1464639124
1101496259
3980566330
253517685
519391354
3788338041
2692364809
868791141
863653239
1635653414
347665802
3387998954
4242836761
3201303392
4148661197
3757537151
621611518
466661248
585759331
3247433345
252415574
3855261834
1607518668
2185146277
521383203
4284071812
524844453
3192164781
344466909
1881985329
3288570225
3404849245
1373204276
3674501562
4269300856
1337573779
803450425
998156475
738956264
136256066
2127898300
288824942
3689283184
376335467
1837684523
1000171098
95250952
917725399
2940053414
1330718309
2907410864
32090536
1066461937
833553753
2065302881
11366995
3111840282
1387739820
2299906863
3255131900
1436498459
3829503214
1651000012
3293497527
1853900590
158900971
4028062116
2734528290
295141396
421964966
3347459805
587659943
3875908206
2613799015
1619779521
2194034157
3678380773
4047786118
4070732424
550121274
927223643
2426157185
2462309936
241236144
367343828
3111304600
2670673900
650244165
634263687
1624260675
1047175278
2300417497
1131090146
1346892332
1210761442
793746685
336047818
1265259395
2349409322
918246177
2735824762
3122783048
1959335645
1811509903
3832949465
3968584323
606886143
2988632408
3769505178
1415815708
281148733
1460400488
1476548413
261749298
1551392602
171066947
2432265515
1235516806
3292124304
4099165743
627603698
2992725037
3486956119
1801549119
1490835457
3224514656
1444177682
2355700396
3120780804
3000657912
1532783980
1947322811
2988825523
3432881325
1606764437
2295049974
2047716558
2885571913
206543610
787963910
4185960125
2876956562
2120177947
2005247407
540275418
1681812721
3799166399
2602078548
360742570
1971126331
1912761711
2991405834
313856271
2971513113
1979063551
1369592711
1472779868
2582184854
3488765521
2906408966
1662969701
1581805751
3783687231
396744175
571613720
3496545544
4267526180
3992055377
2484213530
3044278402
1288385387
4080791624
3242268835
2683556693
2171399983
111648365
695645652
2436375710
3841819402
1647574207
2743545134
2674524924
240764219
1104200460
3276588785
4013133006
57323004
1706596332
3245414763
2129043302
4093732589
3920851138
3669013328
3665716878
4045637494
207162945
1882854942
2681341565
1078770601
1430216976
3468272055
1992379336
3677538801
3423973934
1071773469
1766642847
2194238656
2685931524
1067542061
315513133
842088639
3533755172
1310708088
863074242
1057623487
105474590
3142443117
3697627472
2292458240
878348641
228433143
506623777
2888086011
1171139243
2753812546
3409511465
1962790887
1515977065
2589065597
3649535826
1415231305
4155958235
3704243285
2614668578
3074400454
2720374014
266259754
3654275572
2377651865
3864641969
4059414842
1257749025
453710445
990252096
1558959696
3098636403
4252037075
1733316690
2720109597
223689643
1885072859
1136603488
1647184083
955581856
830414206
3984912019
2258513745
1792590080
3989877329
581513848
1370131157
2810645443
4215214740
3139640240
1682146766
2817405046
3195490266
1898227838
200973227
4133429109
3445255913
615924490
3108881544
374012743
2216762581
3221360707
2232484259
2717043226
1032504604
748621184
1796408941
1816266759
2154252468
3082884714
652553193
552065835
133192195
692236419
2250098898
3866251906
3276877016
416608500
1609173265
546225463
533146619
3368358998
2868735895
3804899678
2903404489
3467030605
1815270884
4277999567
764770555
1858518239
3836311614
356290177
3408442627
184081373
476374837
2874606186
555884589
3920820242
3187448859
3380475061
2420426735
3747919845
493465054
1474210463
2102443228
2805135997
479676662
571689027
386928388
2273406478
3365455816
2134558894
1935639996
4016443091
1584721064
3075558507
2029731808
1342556812
2506311902
3811635091
3764335709
3950940572
816095813
3960267601
106474236
191505899
498135829
102363232
3618198675
1481676456
1789048528
2522829773
2003444169
3384743729
3287291125
2814700681
3637937990
204484377
3078754517
580653229
3010769563
696750476
755758973
3018550556
2670605382
2355346513
184127620
2072648491
566195764
1976826429
3550644864
1562265809
2543928656
2445970906
2822965309
2193085676
188213017
2669317263
110371392
1344318295
2012303183
1708346004
2519586982
2229528468
1199294030
1184373501
2887520536
4259247290
3462039495
2387486563
3588956896
778816284
3126047072
595284646
2119451869
1260867743
140758466
3271268697
2319376162
2175276234
980458363
300230991
2228806091
578971286
3974963799
2771997561
3282248082
1812790777
331573294
1812464158
4067846668
3154198631
634673898
1123312862
2224187934
805578297
3638095758
353379318
4079157225
586913240
1442149510
2845286375
2604611745
3693757948
2873402917
1443471589
3239928188
2386757085
2654726819
479306482
1969879306
23219848
2754450449
1741221478
750933918
2635777899
2804305271
3349330640
660356849
2498938145
4042275895
3854489962
455947962
2762517377
721846370
4288927928
2541643733
3816115881
4034790218
2515727420
347063532
2260161892
3101894435
2739493647
1706140865
1542578295
636739245
1828770885
3936240219
1599391305
3601119857
411764088
169264661
3926213916
4087454391
3470627154
1384267034
1714665603
4155354428
2544678561
886295706
1565794076
2580664123
2484362335
1984151396
368881631
4255305933
2845780127
588587540
2549338183
3749775101
3035964343
3504129592
1214097114
645179929
1695887108
2906832870
3377788082
3375197137
266088057
2443022824
452522637
4075826994
4150350974
2481245276
266578164
1036396349
2245308511
2864780212
1550066879
3823731743
436064687
3708901280
2418448558
1416888208
456586890
813334625
1881715976
59276082
4157905366
4105845771
4075544876
177167956
150620530
3500179567
174631708
400932499
3437077481
779037807
3198185381
3484798270
3866944665
3357326906
634697648
2457634567
1965257622
3393052459
1105732550
173013587
3379474477
4112041824
933151538
1731391582
4013191800
381303616
2444034439
687542143
406913892
1750362869
1033615146
1165227319
3584206353
2909945919
200484247
1632606540
146635377
1097398191
3256658850
3383599562
3835850830
1377303276
1227929677
2598727138
2793753516
1095967835
3838790776
657115702
607343734
352373461
1837690556
325988174
1285981746
2846077548
3002303467
4048973654
179896991
1114135520
1597871551
1471769029
2216242413
3041123654
2853198641
3973740953
2936925659
1861057127
3601447408
408851638
3136753418
3490491845
2431447637
2324898517
1519682211
523026379
2565922061
63183655
616238868
4005296559
3984391475
963902174
2270903825
587105026
1120761934
799479965
2429292271
1965472585
3146866880
409822577
1134449490
773092013
539064402
1245454913
4093522978
3573850568
2286301500
137472162
3082414816
1114129839
533625707
1574391089
1590051923
308626623
1301238045
414177346
1675673020
753353387
1269104532
2621592197
3323874465
1049775869
3853773393
578396784
1851239800
2189047908
142153201
1032756918
658760431
2969679557
1445160408
2307768349
1595202151
3874656629
2209631019
3935657683
4293116162
3426474458
3786183941
3689624940
2455972592
3094348344
1771840977
4232650467
4019461430
609107243
4035838844
2609671662
898190168
2951959191
2576192150
1233210728
2611442539
4207845871
2958568216
3169103139
750869192
1670632057
1556998104
2492518040
3737794148
4225537757
93477955
3539209904
1375357405
2030267623
2566776514
3368395037
440175124
2478093903
1042805573
1571661621
1842224816
3698261299
3756672337
170364992
3034128623
1247479934
3437679969
1256449471
38216606
2234235769
1640024161
2298202550
3460604293
3560359805
1460296533
3402215927
1921134350
836006678
721752256
3934698379
1212622088
845930761
1120638773
2640422939
3526360778
504443638
1418826325
651499526
2368979398
219447237
3963837478
3790195921
864560741
2242589951
296795595
983859725
2321728141
1235298625
1041377656
3573567598
3495419513
342400543
2077186214
3164456114
3365108026
3011038949
887561482
3773476280
1690746994
2949641803
21168149
1919753907
1510123506
3706431042
1480742482
2831549941
509117261
3856315145
148990321
2386978742
371883985
3795065495
209005786
3872684479
3644272487
1568334829
208461977
257526059
143691884
3672419569
1671290926
3676924769
1128124506
564867076
4106926969
2008962983
3440176412
2295841019
179655307
178091958
1786896238
1757489553
3696591039
2024376174
654690272
678439069
1651557481
3701519669
2537402323
2288288826
103117972
1659788199
4271222779
1320257885
89689480
463653325
2919001772
3700875334
1544653414
1269339634
1152596803
2204692820
4232499567
2257542472
2754734927
2893621884
3219617589
3647633429
3053229974
960733000
123546404
3500124609
145168519
494915718
162417895
677000365
1302715579
2978668518
2201177595
3500621202
7104369
3239651426
2881987433
1511449366
2413711580
3150749101
536065271
411144619
2252415399
3586461682
1395650161
568124614
3224027208
198722774
3180764888
4092677907
2839389186
3395086516
1803735637
1065121857
806252320
3822101538
1575803853
607584875
3397237616
1980582035
3475292482
3612516586
126791246
2212876697
897701826
767014107
2926807580
1705883248
2982415062
3274855886
1633199571
2322939688
882034777
112769772
980700960
1085106552
2483455065
2090486144
3284834572
976428226
593691678
1918803726
3806307522
2409166746
1605983222
698385625
1316273940
4097978715
3259187203
2324645666
4268461119
3363859327
4238614598
3678999393
988193119
1045873726
3196311101
1816371254
695125225
3557829470
3853720264
4100044797
1034232044
796869873
2537893203
433496950
2954455779
4102122555
322981311
1909602573
3536225867
1911793720
2134873324
738471362
3422571959
2424034099
3450660676
3479280978
661582066
3532784351
4012914167
3547602027
1124571241
1796804
4282919942
3170875360
1510524989
1805465514
188343767
852678447
1407937296
1885834718
2574649451
1666646454
1309153998
4068249052
847525242
1797802481
659708034
1131591835
2984113657
3871250162
313670401
3585278486
1463614932
2224016566
4146342846
3692079005
2005670326
3901096365
3666033797
1113482306
2262403827
48889927
3468857880
431895570
567204695
189133261
3149065366
3516578586
3800507803
698849708
2315474762
732565587
1758073466
1191544914
260164627
2805444033
74672921
826891675
895919923
2249775658
1293498383
529913949
3418001462
1292881707
3390265950
4198373465
81905320
2068898169
2224312219
3335918314
1643919105
319567486
1621018623
3820423004
1404291588
1016998365
3552883894
3506477538
2465714298
2500476577
1432079016
2689508674
2395769216
1949630939
4114431579
3342174159
419977882
2017961933
2248927719
2928658188
1769476453
3594467843
3008927170
2017448023
3757496563
4060809502
3576939628
1040413782
197980022
4151992547
594493556
1217609850
176993643
1570385188
3878847362
573682570
230057893
3428250863
2795657928
1511848258
1638397368
1427658099
330912996
3750569909
2850133654
4234991368
3559976986
1189794312
4135691625
3946678998
1835007483
1049230683
2428060538
154453340
3963392701
2113192180
955359752
553529953
1988875054
1595659442
2132251556
3836486686
403578920
34602617
748007395
1019307048
4273991157
2318574785
1098582967
3500530830
1273895014
1983028093
3429548213
978885775
2613804581
917837183
201650929
2374932067
742951333
1531431054
2750063774
1628424541
1433911249
1038227804
3747122018
3376648178
1432833186
1132144347
2037028114
279051381
2850624438
3141185508
4047651645
2194532224
1479027704
908522016
1464675463
80285686
4017219643
3854284171
634990730
3304446380
3397841151
3759559522
262575984
2503257323
2064100908
486792904
262692102
783227161
2191010930
1830691237
1085388792
2545569197
3196898641
1758710963
988138853
1578307060
2010972568
4120734229
1995484918
222020128
3577722259
2988917912
1556967035
721112992
3941692650
2175915373
1212308206
1508709188
653916847
853469734
825760971
2356357332
851299313
288536429
1661987217
3385354771
2059330494
3773343269
3147582419
1177692914
2369199746
2672427721
3577202644
1335087234
3898711939
770382935
3890219220
2058231901
1542228005
493859066
1371131924
2247419310
2781756621
1937293125
3612479975
1117755272
4044444548
1061758002
1774651746
3218492090
272346220
3637231233
3987296633
730038012
1538849531
714927283
278649604
2864266979
3281295468
1346745363
1210498344
3101658793
857872202
812596698
812051173
1462203550
1301319404
96726294
1792331588
3172495009
2446302994
537826737
2631843636
2249811271
2601015043
3502667806
3037703732
4269431852
246081284
1666088755
293787553
3975091725
140802175
2195696854
331489540
2255698348
982282591
3794068875
17142182
3317231220
4254160359
3859737387
362777049
3817217132
3065284737
3951921543
2082308758
3387726260
3600905667
3149627210
3735404900
997849487
1429357584
1126226552
1777839479
2711004370
4047836809
3545220967
1713572644
1315655165
484363829
1071394723
3495678718
2431303571
1447563649
1476841871
2909760687
435563382
2468565636
3484056790
1541526018
3606157625
3365799586
291812512
1676136701
850509470
3375060881
873527827
4203443463
1826343927
4051480391
3378004373
3737228717
429652043
3235288487
583733680
1263855906
1456420851
3977553134
2427148811
4062734735
3254973869
4263133092
4210177533
2940121859
3608875356
3616576036
3221067419
1850673163
3428607748
562286411
3073944608
3557741229
1756898958
3894328435
2018205090
448341923
3363352210
2030653202
2365521010
3964657317
552505073
2971457537
1401834458
1762348629
3934361651
1235103111
314080042
2324192139
322555782
2659395627
2349403014
913415771
3238837190
2691038120
3239032239
715437550
1626358381
2865676461
838330114
4293925692
552532087
3863355388
3883376247
1817547591
1098796610
2860933775
3039035465
740200613
2142806185
3459869938
1585490348
3843548253
573322896
2167483273
1481991548
3608871396
863126723
774563882
709760647
3382278777
548070737
1699688131
916619463
4015495848
3101605804
392771577
3495998899
328526360
4110602951
3399533941
879838731
146410270
2504158430
1160023107
2407400629
1146082989
3663169311
3994417367
1924254428
3620844760
1623484397
3251191303
1459636224
3639137052
1433044667
672418164
3715803427
1362776262
1222846906
3432838520
213014549
3423968722
2262266569
1970257683
1534929798
3054126550
239616601
679271144
3208823188
1303306852
28206288
3717063329
1691602824
1122997644
3672230230
558443485
4059043412
3526510335
3941418946
362951717
1785919221
4167069190
4227687054
797559873
3091581870
203338866
3982302275
3323964469
1524083847
3106640403
1316484883
1220732183
4250925462
2881702433
3596161116
633090238
1749291932
2620836308
376202093
3374738729
1460918313
2146986765
3824194636
725223013
1542639890
3140053374
4008754803
1367538583
3534939841
2839589542
1528098007
2034609012
856630254
3752801875
2092906607
2868905520
2427015786
3636732566
1242185965
2881685616
3875011414
2224033345
1470640399
2624294407
3502114978
3726520092
2066656639
2768248566
2854234162
3843243300
3466873711
3840578105
1561555052
3047929453
3887727274
753635693
3897418191
2509653666
1024882768
4226975383
3621998730
3123344109
2151713714
651365335
1690717549
3724171569
680263292
224058859
612025210
1135286776
1395719504
1766894260
2458837611
1605719260
1486354924
1599739839
713219691
2533232302
1268440507
3638522001
3755056568
1888809979
2164518066
1983071948
1623866332
1201820621
1807449168
1202075513
2386984481
202420797
3841222638
678962701
2133204311
2768638002
3682386709
4039639094
2924407552
4036327673
127307960
2131723426
2082183785
2480940709
979438291
323725581
1538012318
3764881960
2278512919
555517252
1674823053
2781016830
3196606783
3420467103
3827470755
2211598238
1412436872
3749015175
730391454
3805923584
2350617194
179477056
2328493975
3277677927
122067691
856016868
312959663
2260231895
2345462048
3047781583
979694214
2003548621
1381024659
2442929646
4117658994
4158059462
1336422678
45468334
1354596830
700211895
2857452146
77226386
3747233862
3067933428
3725709449
238232353
1156461937
2391888805
3243514361
1708044241
1515747000
1817267126
3416048531
1458000279
179825674
2205114258
3081645808
2202267909
1226625793
3023982013
1284983770
1959102068
3075907348
789106640
2635133320
987910355
4071169085
680873811
4172604699
2264237320
3358892738
161516591
1723828543
776170014
1658993486
495675955
3584054189
353001851
2067779824
1291181264
418973083
1998496220
2071830757
1173583699
3584401392
1375488684
1189692837
3054911018
3792939712
1334763041
1627749577
927904665
1757659677
3117672194
589350297
2076390841
2448596045
1464011787
1624618154
105669839
4027519415
3130554194
1517744858
1568938072
3439518195
4266168370
1324547232
3971223317
3254431020
588083955
526275215
1530193381
3998456827
3692939102
3399205689
4136155250
2399175672
3339012074
4241132379
58706148
2117631802
2050488049
4211658765
414525189
2532398689
2880664162
3974907607
2577730475
3983082765
2538167426
3862767806
2205641722
704685368
2315912980
4150549337
3943629254
2224509173
4179165450
4212062044
1192023798
274073695
487342104
1177715521
473111217
2203521300
4053304734
54499412
56012155
3381444927
1129965838
1126614161
2297926208
2812403087
3350305002
3291491104
1801106548
2262999941
3037258041
2847135848
1441185858
1953012418
393650993
2862385412
1797005714
4173665557
3519916255
3067541423
1915727192
735548561
1084948650
1710033008
488153945
3272620736
1916152752
257580631
3901022153
2333359302
2329864120
288617069
3805160753
1011642748
1930512384
4233753974
1272521380
3220128112
1026812539
571584629
3379917686
735251038
1556305551
3403038818
1366017364
2845810084
526042895
3786949055
3382506492
2314632436
3495451560
3176134973
3336494694
3122008824
1451478515
2083402363
478754989
2308346419
3213265849
3360016000
2333701303
1971171704
988234945
3825780231
3325484145
768763799
2282753277
2112599024
1410877712
4280405181
3072438994
1094936092
3846989629
3845209669
2786233260
3837268766
2402663896
4244833448
2651376067
2253408822
1127128202
1609331073
2040781059
3602316269
372360617
1184649485
2004375832
1158958648
4229482247
3246714101
2734114097
1222242337
555780589
295267813
1996334746
3448507182
3854662609
3058546878
2418934667
2318637467
1039652177
3623567633
1131059855
2386787004
784250074
2987706105
504661289
3859670363
1565114037
2567761962
82900902
1757577127
1465075791
308840468
292070304
1326777451
1975830425
923445848
3824290826
3102408928
2560195248
2602200848
4161854673
3399751342
3533852160
3540002774
3788716372
4014614807
713867846
3013141333
2981403240
4226620238
1615479203
3368556983
1176768811
3290591966
1061248157
2346442251
2243979742
2374257606
3010111192
2158894457
926219678
1645218266
196749912
3350658628
4181938346
2515175873
1482886148
2568342872
3733348308
2136330645
3213517539
632778618
1274635204
2391986627
3727108237
279015131
223065638
552805359
3020125743
1605761027
1775674172
2073094507
2408530862
209908436
2617849105
3451375437
816173228
4288453994
2272237617
3031777742
2791596748
679286973
3550882867
1928447884
3973630001
2514798846
4193563229
3806319888
148667818
23794321
662861468
3571471599
2849545978
1981688408
1906842595
693901413
3611317604
2272210828
3922829307
3720516348
4162609746
4194568608
3138313678
237336900
3358721762
2001270380
324176728
1647667630
3138252089
1644459373
2822182481
647998476
3873897346
3619028679
3630492970
2113143553
2455382252
3886516541
1245065589
3740139480
2092382357
4234297638
1042120256
3808657228
1512928306
3157880318
1981696117
1427447979
2377371928
3740631873
3704633392
748962139
2976248966
1884746223
3075689711
2874502642
1188531398
1692102997
1874697166
150278201
305886985
4130672029
521834762
1970130615
3795849400
1762860620
2818631134
3653551371
772826352
3813122371
2663996168
1292890001
2281456864
4266386738
3917787890
1083406140
1026272084
1284175118
2739814559
3931665300
404800953
1104488734
480872662
2120363665
1413431235
1243472880
4265112923
643301809
2628282154
4071573273
678551918
1394875575
2140613917
4041991793
3150911529
175648792
3253528091
3519386871
1000522923
4003560305
3983930155
4061206219
1038229035
323891494
1549446086
1341008480
345232195
1308679799
2591634833
573085595
4038055062
3457364080
664858507
2975492110
319234767
4152105435
1671355349
3332373770
956936735
2611581192
3055318030
1860878213
1750271456
1666387250
2157599633
2954209595
1777546276
2729387651
4289265936
2040775825
1962586113
144334456
4058239619
4061613938
2329021756
174343402
4089310920
2933534495
2069071867
1920012393
733313318
1195094393
3307139278
3913943659
1563159999
1265517970
585338176
1405875044
1059041580
2216588913
824252616
2290741029
2510580883
3824106054
2081702457
3330044422
80712342
1379761583
3131131961
2573915232
45080229
1157184378
3815101544
427948265
4241298964
3057065354
3765129530
135776781
448268103
1518437951
2315039361
363445498
2079398172
1770820528
3993046622
172093110
2877416769
1304064512
3095706873
578323671
1563241863
2034929637
3856106704
3072994842
4060231448
9361831
3149244392
1641107441
296228621
2687226352
4015808020
2139247665
966769352
2105405108
2530618283
3875577454
3154625724
3198320111
3484481556
2847359144
2719136775
2312611117
2258009147
2473195223
2205495642
4237690443
1951481958
846831743
442485384
4079288072
309499023
864357734
3989917431
4015833168
586161819
447699652
575618213
3583013576
2428377586
3175884624
1964040827
2011201058
1392424364
1932565319
2894503679
1363141614
1248859208
83189179
445339241
1586314498
2437810223
3807823955
3074559525
2025751692
1480037301
473575438
3129966019
466828023
1446470446
1051356805
1741550012
1100009901
3176434428
3436288124
1924872826
2370488159
3304562996
3955613770
3471840921
26312592
438295
3129419362
2103179540
226308719
742420097
138756714
2335727613
3953199748
50377349
1384211312
4197739656
775552406
3095502427
3387863583
1341244758
1764582707
2803615344
2330918851
3805198173
1198142775
3735055098
1204598853
1292588646
2431319923
4196178541
1966600812
1756189346
418350198
1685731705
3886944666
3239618386
853916867
3242975465
1088958502
226465110
2951860659
4214486487
2108719805
4080978564
1418282549
3526518502
1703080310
1546892778
3682006843
3797463110
3413202061
4257509493
3967590645
3900297768
3181392694
322582846
3471551523
855556864
5507912
1600328017
3128422146
3069568572
92663370
1953724976
2214903851
3623095678
1249321145
2504616250
2274186461
4077887082
2304025312
1692292246
348549
870999371
1835772746
1121965555
992200810
454153609
1011523860
4217964508
3571606067
959972858
1299247309
220017057
1413709964
2986559063
1863499932
2119895575
3882103360
562187162
1241126670
3756739230
83931336
1156249120
318017778
1236158252
3443509419
539931315
1138769874
181238484
3203446725
3123129231
4040078889
1989808809
4142117720
482093184
398646891
2962615770
642694147
2118514028
778198156
3654755347
747028856
3376654595
2840188454
4219920447
3120530788
2581548436
1767828686
3476732461
2375601859
1698849974
1573121629
3366711702
2566442402
955533041
1903958278
865910296
646801971
3788806909
3325236386
1380869832
728113769
1527103411
1529376805
2106184410
478382125
495149909
463872999
4113605647
944962089
3086619872
3642071730
980798773
2708083321
4289742557
632129625
2262224945
3848493865
1017669686
556968845
2463411233
3446470333
1335448745
3180590104
2967203284
528810931
3177254302
1202356700
1053653178
2020093961
2246309738
431509184
1855194808
4193879154
3215203963
185868252
1372701560
3190827756
1341326280
881181379
1341856705
409441938
2207268360
2186837910
1079661713
3876363376
1167379717
805770974
1930202763
327871059
2658473686
189356025
2072987690
397204897
2695263669
1242761686
2451935231
2837803815
484741698
1983784117
1807552406
441724181
1671291416
1162048546
1118511027
1269368466
2032711407
3098550375
4042752261
690772043
4049305933
1065220762
1610319101
3580210439
3945811001
2120829002
4131523232
1472438970
1922246585
50703809
2535781611
2942525148
201182835
3080891541
3757845821
1767516206
3641958641
51886277
4185250189
2878528264
2598912573
2241023101
3011501503
3761484416
2534205315
2292935031
814600997
2114592681
560867230
2186889880
2835836040
2937532482
3105334566
2663843760
2258641459
4265718909
3941556453
3795515043
4254871874
2125991848
597133851
3108715787
515615493
1801714059
1090021401
3167542334
2100609259
1297669143
4033475802
2589772982
3898903726
1115685046
1706562586
4246647646
2263078254
3775395338
4017692281
2329585087
1895388543
282981548
199798213
2100195198
998764440
3525688131
2999372528
2787434761
3257666924
3990241608
3163993346
